-4.00000000 4.00000000 10.39229596 10.41530633 10.77036266
-4.01567708 4.01567708 10.39229233 10.41526295 10.77039644
-4.03129223 4.03129223 10.39228871 10.41510692 10.77054362
-4.04684522 4.04684522 10.39228509 10.41483857 10.77080388
-4.06233580 4.06233580 10.39228147 10.41445848 10.77117664
-4.07776373 4.07776373 10.39227786 10.41396743 10.77166110
-4.09312878 4.09312878 10.39227425 10.41336648 10.77225622
-4.10843071 4.10843071 10.39227064 10.41265686 10.77296076
-4.12366928 4.12366928 10.39226704 10.41184004 10.77377326
-4.13884426 4.13884426 10.39226344 10.41091767 10.77469207
-4.15395541 4.15395541 10.39225984 10.40989157 10.77571535
-4.16900250 4.16900250 10.39225625 10.40876375 10.77684111
-4.18398530 4.18398530 10.39225266 10.40753634 10.77806720
-4.19890358 4.19890358 10.39224908 10.40621164 10.77939135
-4.21375711 4.21375711 10.39224550 10.40479202 10.78081115
-4.22854566 4.22854566 10.39224193 10.40327999 10.78232411
-4.24326899 4.24326899 10.39223837 10.40167813 10.78392765
-4.25792689 4.25792689 10.39223481 10.39998908 10.78561911
-4.27251913 4.27251913 10.39223125 10.39821555 10.78739581
-4.28704548 4.28704548 10.39222770 10.39636027 10.78925498
-4.30150572 4.30150572 10.39222416 10.39442602 10.79119387
-4.31589962 4.31589962 10.39222063 10.39241557 10.79320969
-4.33022697 4.33022697 10.39033171 10.39221710 10.79529966
-4.34448754 4.34448754 10.38817720 10.39221357 10.79746099
-4.35868111 4.35868111 10.38595481 10.39221006 10.79969094
-4.37280747 4.37280747 10.38366726 10.39220655 10.80198677
-4.38686639 4.38686639 10.38131725 10.39220305 10.80434579
-4.40085766 4.40085766 10.37890743 10.39219956 10.80676532
-4.41478107 4.41478107 10.37644042 10.39219608 10.80924277
-4.42863639 4.42863639 10.37391876 10.39219260 10.81177556
-4.44242342 4.44242342 10.37134497 10.39218913 10.81436119
-4.45614194 4.45614194 10.36872150 10.39218567 10.81699721
-4.46979174 4.46979174 10.36605073 10.39218222 10.81968123
-4.48337261 4.48337261 10.36333498 10.39217878 10.82241091
-4.49688434 4.49688434 10.36057653 10.39217535 10.82518399
-4.51032673 4.51032673 10.35777756 10.39217192 10.82799826
-4.52369956 4.52369956 10.35494022 10.39216851 10.83085158
-4.53700263 4.53700263 10.35206658 10.39216511 10.83374189
-4.55023573 4.55023573 10.34915864 10.39216171 10.83666716
-4.56339866 4.56339866 10.34621835 10.39215833 10.83962544
-4.57649122 4.57649122 10.34324759 10.39215495 10.84261485
-4.58951321 4.58951321 10.34024819 10.39215159 10.84563356
-4.60246441 4.60246441 10.33722189 10.39214824 10.84867981
-4.61534465 4.61534465 10.33417042 10.39214490 10.85175188
-4.62815371 4.62815371 10.33109540 10.39214157 10.85484813
-4.64089139 4.64089139 10.32799844 10.39213825 10.85796695
-4.65355751 4.65355751 10.32488106 10.39213494 10.86110681
-4.66615186 4.66615186 10.32174475 10.39213164 10.86426622
-4.67867426 4.67867426 10.31859096 10.39212836 10.86744373
-4.69112451 4.69112451 10.31542105 10.39212509 10.87063795
-4.70350241 4.70350241 10.31223636 10.39212183 10.87384755
-4.71580778 4.71580778 10.30903820 10.39211858 10.87707121
-4.72804042 4.72804042 10.30582781 10.39211534 10.88030769
-4.74020016 4.74020016 10.30260639 10.39211212 10.88355577
-4.75228679 4.75228679 10.29937511 10.39210891 10.88681427
-4.76430014 4.76430014 10.29613510 10.39210572 10.89008207
-4.77624001 4.77624001 10.29288745 10.39210253 10.89335807
-4.78810623 4.78810623 10.28963320 10.39209936 10.89664120
-4.79989862 4.79989862 10.28637339 10.39209621 10.89993044
-4.81161698 4.81161698 10.28310899 10.39209307 10.90322479
-4.82326114 4.82326114 10.27984096 10.39208994 10.90652330
-4.83483092 4.83483092 10.27657023 10.39208682 10.90982502
-4.84632614 4.84632614 10.27329768 10.39208372 10.91312906
-4.85774662 4.85774662 10.27002419 10.39208064 10.91643454
-4.86909219 4.86909219 10.26675060 10.39207757 10.91974061
-4.88036268 4.88036268 10.26347772 10.39207451 10.92304645
-4.89155790 4.89155790 10.26020633 10.39207147 10.92635125
-4.90267769 4.90267769 10.25693722 10.39206844 10.92965425
-4.91372187 4.91372187 10.25367111 10.39206543 10.93295469
-4.92469028 4.92469028 10.25040874 10.39206244 10.93625184
-4.93558275 4.93558275 10.24715080 10.39205946 10.93954499
-4.94639910 4.94639910 10.24389798 10.39205650 10.94283345
-4.95713917 4.95713917 10.24065093 10.39205355 10.94611655
-4.96780279 4.96780279 10.23741030 10.39205062 10.94939363
-4.97838981 4.97838981 10.23417672 10.39204770 10.95266405
-4.98890005 4.98890005 10.23095079 10.39204480 10.95592721
-4.99933336 4.99933336 10.22773312 10.39204192 10.95918249
-5.00968957 5.00968957 10.22452427 10.39203905 10.96242930
-5.01996853 5.01996853 10.22132480 10.39203621 10.96566709
-5.03017007 5.03017007 10.21813527 10.39203337 10.96889528
-5.04029404 5.04029404 10.21495621 10.39203056 10.97211333
-5.05034029 5.05034029 10.21178814 10.39202776 10.97532072
-5.06030865 5.06030865 10.20863157 10.39202498 10.97851692
-5.07019897 5.07019897 10.20548699 10.39202222 10.98170143
-5.08001111 5.08001111 10.20235488 10.39201948 10.98487375
-5.08974490 5.08974490 10.19923573 10.39201675 10.98803340
-5.09940021 5.09940021 10.19612998 10.39201404 10.99117991
-5.10897688 5.10897688 10.19303809 10.39201135 10.99431282
-5.11847476 5.11847476 10.18996050 10.39200868 10.99743167
-5.12789370 5.12789370 10.18689764 10.39200603 11.00053603
-5.13723357 5.13723357 10.18384993 10.39200340 11.00362547
-5.14649422 5.14649422 10.18081778 10.39200078 11.00669955
-5.15567550 5.15567550 10.17780159 10.39199818 11.00975788
-5.16477727 5.16477727 10.17480176 10.39199561 11.01280003
-5.17379940 5.17379940 10.17181866 10.39199305 11.01582562
-5.18274174 5.18274174 10.16885268 10.39199051 11.01883426
-5.19160415 5.19160415 10.16590419 10.39198799 11.02182557
-5.20038651 5.20038651 10.16297355 10.39198549 11.02479917
-5.20908867 5.20908867 10.16006111 10.39198301 11.02775470
-5.21771050 5.21771050 10.15716721 10.39198055 11.03069180
-5.22625186 5.22625186 10.15429220 10.39197811 11.03361012
-5.23471263 5.23471263 10.15143642 10.39197569 11.03650931
-5.24309267 5.24309267 10.14860018 10.39197329 11.03938904
-5.25139186 5.25139186 10.14578380 10.39197091 11.04224896
-5.25961007 5.25961007 10.14298761 10.39196855 11.04508877
-5.26774716 5.26774716 10.14021191 10.39196621 11.04790813
-5.27580302 5.27580302 10.13745700 10.39196389 11.05070673
-5.28377752 5.28377752 10.13472317 10.39196159 11.05348427
-5.29167054 5.29167054 10.13201072 10.39195932 11.05624045
-5.29948196 5.29948196 10.12931993 10.39195706 11.05897495
-5.30721165 5.30721165 10.12665109 10.39195483 11.06168750
-5.31485949 5.31485949 10.12400445 10.39195262 11.06437781
-5.32242538 5.32242538 10.12138031 10.39195042 11.06704559
-5.32990918 5.32990918 10.11877891 10.39194825 11.06969056
-5.33731079 5.33731079 10.11620053 10.39194611 11.07231247
-5.34463010 5.34463010 10.11364541 10.39194398 11.07491103
-5.35186698 5.35186698 10.11111380 10.39194188 11.07748599
-5.35902133 5.35902133 10.10860595 10.39193979 11.08003709
-5.36609304 5.36609304 10.10612210 10.39193773 11.08256407
-5.37308200 5.37308200 10.10366250 10.39193569 11.08506669
-5.37998810 5.37998810 10.10122736 10.39193368 11.08754470
-5.38681123 5.38681123 10.09881692 10.39193168 11.08999786
-5.39355129 5.39355129 10.09643140 10.39192971 11.09242594
-5.40020817 5.40020817 10.09407103 10.39192776 11.09482870
-5.40678178 5.40678178 10.09173601 10.39192584 11.09720591
-5.41327200 5.41327200 10.08942657 10.39192393 11.09955735
-5.41967875 5.41967875 10.08714290 10.39192205 11.10188280
-5.42600192 5.42600192 10.08488523 10.39192020 11.10418205
-5.43224142 5.43224142 10.08265373 10.39191836 11.10645487
-5.43839714 5.43839714 10.08044862 10.39191655 11.10870107
-5.44446899 5.44446899 10.07827008 10.39191476 11.11092043
-5.45045689 5.45045689 10.07611831 10.39191300 11.11311276
-5.45636073 5.45636073 10.07399349 10.39191126 11.11527785
-5.46218043 5.46218043 10.07189581 10.39190954 11.11741551
-5.46791589 5.46791589 10.06982544 10.39190784 11.11952556
-5.47356704 5.47356704 10.06778256 10.39190617 11.12160779
-5.47913377 5.47913377 10.06576735 10.39190453 11.12366203
-5.48461601 5.48461601 10.06377997 10.39190290 11.12568810
-5.49001367 5.49001367 10.06182059 10.39190130 11.12768582
-5.49532666 5.49532666 10.05988938 10.39189973 11.12965502
-5.50055492 5.50055492 10.05798649 10.39189818 11.13159552
-5.50569834 5.50569834 10.05611207 10.39189665 11.13350715
-5.51075686 5.51075686 10.05426630 10.39189515 11.13538975
-5.51573040 5.51573040 10.05244930 10.39189367 11.13724317
-5.52061888 5.52061888 10.05066124 10.39189221 11.13906724
-5.52542223 5.52542223 10.04890226 10.39189078 11.14086180
-5.53014036 5.53014036 10.04717249 10.39188938 11.14262671
-5.53477322 5.53477322 10.04547209 10.39188800 11.14436181
-5.53932072 5.53932072 10.04380117 10.39188664 11.14606696
-5.54378280 5.54378280 10.04215988 10.39188531 11.14774201
-5.54815938 5.54815938 10.04054835 10.39188400 11.14938684
-5.55245041 5.55245041 10.03896670 10.39188272 11.15100129
-5.55665581 5.55665581 10.03741506 10.39188146 11.15258524
-5.56077552 5.56077552 10.03589355 10.39188023 11.15413855
-5.56480948 5.56480948 10.03440229 10.39187903 11.15566109
-5.56875762 5.56875762 10.03294139 10.39187784 11.15715275
-5.57261988 5.57261988 10.03151097 10.39187669 11.15861339
-5.57639620 5.57639620 10.03011114 10.39187556 11.16004290
-5.58008654 5.58008654 10.02874200 10.39187445 11.16144117
-5.58369081 5.58369081 10.02740366 10.39187337 11.16280807
-5.58720899 5.58720899 10.02609623 10.39187231 11.16414350
-5.59064100 5.59064100 10.02481980 10.39187128 11.16544735
-5.59398679 5.59398679 10.02357447 10.39187028 11.16671951
-5.59724632 5.59724632 10.02236034 10.39186930 11.16795988
-5.60041954 5.60041954 10.02117749 10.39186834 11.16916836
-5.60350638 5.60350638 10.02002602 10.39186742 11.17034486
-5.60650682 5.60650682 10.01890601 10.39186651 11.17148928
-5.60942079 5.60942079 10.01781755 10.39186564 11.17260152
-5.61224826 5.61224826 10.01676072 10.39186478 11.17368150
-5.61498919 5.61498919 10.01573559 10.39186396 11.17472914
-5.61764352 5.61764352 10.01474226 10.39186316 11.17574435
-5.62021122 5.62021122 10.01378078 10.39186239 11.17672705
-5.62269225 5.62269225 10.01285122 10.39186164 11.17767716
-5.62508658 5.62508658 10.01195367 10.39186092 11.17859460
-5.62739415 5.62739415 10.01108819 10.39186022 11.17947931
-5.62961495 5.62961495 10.01025483 10.39185955 11.18033122
-5.63174893 5.63174893 10.00945366 10.39185891 11.18115025
-5.63379606 5.63379606 10.00868475 10.39185829 11.18193634
-5.63575631 5.63575631 10.00794814 10.39185770 11.18268944
-5.63762965 5.63762965 10.00724389 10.39185713 11.18340948
-5.63941606 5.63941606 10.00657206 10.39185659 11.18409640
-5.64111549 5.64111549 10.00593268 10.39185608 11.18475015
-5.64272793 5.64272793 10.00532581 10.39185559 11.18537069
-5.64425336 5.64425336 10.00475150 10.39185513 11.18595796
-5.64569174 5.64569174 10.00420978 10.39185469 11.18651191
-5.64704306 5.64704306 10.00370070 10.39185429 11.18703251
-5.64830729 5.64830729 10.00322428 10.39185390 11.18751971
-5.64948442 5.64948442 10.00278057 10.39185355 11.18797347
-5.65057443 5.65057443 10.00236960 10.39185322 11.18839376
-5.65157730 5.65157730 10.00199140 10.39185291 11.18878055
-5.65249302 5.65249302 10.00164600 10.39185264 11.18913381
-5.65332157 5.65332157 10.00133341 10.39185239 11.18945351
-5.65406293 5.65406293 10.00105367 10.39185216 11.18973962
-5.65471711 5.65471711 10.00080679 10.39185196 11.18999212
-5.65528408 5.65528408 10.00059279 10.39185179 11.19021099
-5.65576384 5.65576384 10.00041168 10.39185165 11.19039622
-5.65615638 5.65615638 10.00026349 10.39185153 11.19054780
-5.65646169 5.65646169 10.00014822 10.39185144 11.19066570
-5.65667978 5.65667978 10.00006588 10.39185137 11.19074992
-5.65681063 5.65681063 10.00001647 10.39185133 11.19080046
-5.65685425 5.65685425 10.00000000 10.39185132 11.19081730
-5.65681063 5.65681063 10.00001647 10.39185133 11.19080046
-5.65667978 5.65667978 10.00006588 10.39185137 11.19074992
-5.65646169 5.65646169 10.00014822 10.39185144 11.19066570
-5.65615638 5.65615638 10.00026349 10.39185153 11.19054780
-5.65576384 5.65576384 10.00041168 10.39185165 11.19039622
-5.65528408 5.65528408 10.00059279 10.39185179 11.19021099
-5.65471711 5.65471711 10.00080679 10.39185196 11.18999212
-5.65406293 5.65406293 10.00105367 10.39185216 11.18973962
-5.65332157 5.65332157 10.00133341 10.39185239 11.18945351
-5.65249302 5.65249302 10.00164600 10.39185264 11.18913381
-5.65157730 5.65157730 10.00199140 10.39185291 11.18878055
-5.65057443 5.65057443 10.00236960 10.39185322 11.18839376
-5.64948442 5.64948442 10.00278057 10.39185355 11.18797347
-5.64830729 5.64830729 10.00322428 10.39185390 11.18751971
-5.64704306 5.64704306 10.00370070 10.39185429 11.18703251
-5.64569174 5.64569174 10.00420978 10.39185469 11.18651191
-5.64425336 5.64425336 10.00475150 10.39185513 11.18595796
-5.64272793 5.64272793 10.00532581 10.39185559 11.18537069
-5.64111549 5.64111549 10.00593268 10.39185608 11.18475015
-5.63941606 5.63941606 10.00657206 10.39185659 11.18409640
-5.63762965 5.63762965 10.00724389 10.39185713 11.18340948
-5.63575631 5.63575631 10.00794814 10.39185770 11.18268944
-5.63379606 5.63379606 10.00868475 10.39185829 11.18193634
-5.63174893 5.63174893 10.00945366 10.39185891 11.18115025
-5.62961495 5.62961495 10.01025483 10.39185955 11.18033122
-5.62739415 5.62739415 10.01108819 10.39186022 11.17947931
-5.62508658 5.62508658 10.01195367 10.39186092 11.17859460
-5.62269225 5.62269225 10.01285122 10.39186164 11.17767716
-5.62021122 5.62021122 10.01378078 10.39186239 11.17672705
-5.61764352 5.61764352 10.01474226 10.39186316 11.17574435
-5.61498919 5.61498919 10.01573559 10.39186396 11.17472914
-5.61224826 5.61224826 10.01676072 10.39186478 11.17368150
-5.60942079 5.60942079 10.01781755 10.39186564 11.17260152
-5.60650682 5.60650682 10.01890601 10.39186651 11.17148928
-5.60350638 5.60350638 10.02002602 10.39186742 11.17034486
-5.60041954 5.60041954 10.02117749 10.39186834 11.16916836
-5.59724632 5.59724632 10.02236034 10.39186930 11.16795988
-5.59398679 5.59398679 10.02357447 10.39187028 11.16671951
-5.59064100 5.59064100 10.02481980 10.39187128 11.16544735
-5.58720899 5.58720899 10.02609623 10.39187231 11.16414350
-5.58369081 5.58369081 10.02740366 10.39187337 11.16280807
-5.58008654 5.58008654 10.02874200 10.39187445 11.16144117
-5.57639620 5.57639620 10.03011114 10.39187556 11.16004290
-5.57261988 5.57261988 10.03151097 10.39187669 11.15861339
-5.56875762 5.56875762 10.03294139 10.39187784 11.15715275
-5.56480948 5.56480948 10.03440229 10.39187903 11.15566109
-5.56077552 5.56077552 10.03589355 10.39188023 11.15413855
-5.55665581 5.55665581 10.03741506 10.39188146 11.15258524
-5.55245041 5.55245041 10.03896670 10.39188272 11.15100129
-5.54815938 5.54815938 10.04054835 10.39188400 11.14938684
-5.54378280 5.54378280 10.04215988 10.39188531 11.14774201
-5.53932072 5.53932072 10.04380117 10.39188664 11.14606696
-5.53477322 5.53477322 10.04547209 10.39188800 11.14436181
-5.53014036 5.53014036 10.04717249 10.39188938 11.14262671
-5.52542223 5.52542223 10.04890226 10.39189078 11.14086180
-5.52061888 5.52061888 10.05066124 10.39189221 11.13906724
-5.51573040 5.51573040 10.05244930 10.39189367 11.13724317
-5.51075686 5.51075686 10.05426630 10.39189515 11.13538975
-5.50569834 5.50569834 10.05611207 10.39189665 11.13350715
-5.50055492 5.50055492 10.05798649 10.39189818 11.13159552
-5.49532666 5.49532666 10.05988938 10.39189973 11.12965502
-5.49001367 5.49001367 10.06182059 10.39190130 11.12768582
-5.48461601 5.48461601 10.06377997 10.39190290 11.12568810
-5.47913377 5.47913377 10.06576735 10.39190453 11.12366203
-5.47356704 5.47356704 10.06778256 10.39190617 11.12160779
-5.46791589 5.46791589 10.06982544 10.39190784 11.11952556
-5.46218043 5.46218043 10.07189581 10.39190954 11.11741551
-5.45636073 5.45636073 10.07399349 10.39191126 11.11527785
-5.45045689 5.45045689 10.07611831 10.39191300 11.11311276
-5.44446899 5.44446899 10.07827008 10.39191476 11.11092043
-5.43839714 5.43839714 10.08044862 10.39191655 11.10870107
-5.43224142 5.43224142 10.08265373 10.39191836 11.10645487
-5.42600192 5.42600192 10.08488523 10.39192020 11.10418205
-5.41967875 5.41967875 10.08714290 10.39192205 11.10188280
-5.41327200 5.41327200 10.08942657 10.39192393 11.09955735
-5.40678178 5.40678178 10.09173601 10.39192584 11.09720591
-5.40020817 5.40020817 10.09407103 10.39192776 11.09482870
-5.39355129 5.39355129 10.09643140 10.39192971 11.09242594
-5.38681123 5.38681123 10.09881692 10.39193168 11.08999786
-5.37998810 5.37998810 10.10122736 10.39193368 11.08754470
-5.37308200 5.37308200 10.10366250 10.39193569 11.08506669
-5.36609304 5.36609304 10.10612210 10.39193773 11.08256407
-5.35902133 5.35902133 10.10860595 10.39193979 11.08003709
-5.35186698 5.35186698 10.11111380 10.39194188 11.07748599
-5.34463010 5.34463010 10.11364541 10.39194398 11.07491103
-5.33731079 5.33731079 10.11620053 10.39194611 11.07231247
-5.32990918 5.32990918 10.11877891 10.39194825 11.06969056
-5.32242538 5.32242538 10.12138031 10.39195042 11.06704559
-5.31485949 5.31485949 10.12400445 10.39195262 11.06437781
-5.30721165 5.30721165 10.12665109 10.39195483 11.06168750
-5.29948196 5.29948196 10.12931993 10.39195706 11.05897495
-5.29167054 5.29167054 10.13201072 10.39195932 11.05624045
-5.28377752 5.28377752 10.13472317 10.39196159 11.05348427
-5.27580302 5.27580302 10.13745700 10.39196389 11.05070673
-5.26774716 5.26774716 10.14021191 10.39196621 11.04790813
-5.25961007 5.25961007 10.14298761 10.39196855 11.04508877
-5.25139186 5.25139186 10.14578380 10.39197091 11.04224896
-5.24309267 5.24309267 10.14860018 10.39197329 11.03938904
-5.23471263 5.23471263 10.15143642 10.39197569 11.03650931
-5.22625186 5.22625186 10.15429220 10.39197811 11.03361012
-5.21771050 5.21771050 10.15716721 10.39198055 11.03069180
-5.20908867 5.20908867 10.16006111 10.39198301 11.02775470
-5.20038651 5.20038651 10.16297355 10.39198549 11.02479917
-5.19160415 5.19160415 10.16590419 10.39198799 11.02182557
-5.18274174 5.18274174 10.16885268 10.39199051 11.01883426
-5.17379940 5.17379940 10.17181866 10.39199305 11.01582562
-5.16477727 5.16477727 10.17480176 10.39199561 11.01280003
-5.15567550 5.15567550 10.17780159 10.39199818 11.00975788
-5.14649422 5.14649422 10.18081778 10.39200078 11.00669955
-5.13723357 5.13723357 10.18384993 10.39200340 11.00362547
-5.12789370 5.12789370 10.18689764 10.39200603 11.00053603
-5.11847476 5.11847476 10.18996050 10.39200868 10.99743167
-5.10897688 5.10897688 10.19303809 10.39201135 10.99431282
-5.09940021 5.09940021 10.19612998 10.39201404 10.99117991
-5.08974490 5.08974490 10.19923573 10.39201675 10.98803340
-5.08001111 5.08001111 10.20235488 10.39201948 10.98487375
-5.07019897 5.07019897 10.20548699 10.39202222 10.98170143
-5.06030865 5.06030865 10.20863157 10.39202498 10.97851692
-5.05034029 5.05034029 10.21178814 10.39202776 10.97532072
-5.04029404 5.04029404 10.21495621 10.39203056 10.97211333
-5.03017007 5.03017007 10.21813527 10.39203337 10.96889528
-5.01996853 5.01996853 10.22132480 10.39203621 10.96566709
-5.00968957 5.00968957 10.22452427 10.39203905 10.96242930
-4.99933336 4.99933336 10.22773312 10.39204192 10.95918249
-4.98890005 4.98890005 10.23095079 10.39204480 10.95592721
-4.97838981 4.97838981 10.23417672 10.39204770 10.95266405
-4.96780279 4.96780279 10.23741030 10.39205062 10.94939363
-4.95713917 4.95713917 10.24065093 10.39205355 10.94611655
-4.94639910 4.94639910 10.24389798 10.39205650 10.94283345
-4.93558275 4.93558275 10.24715080 10.39205946 10.93954499
-4.92469028 4.92469028 10.25040874 10.39206244 10.93625184
-4.91372187 4.91372187 10.25367111 10.39206543 10.93295469
-4.90267769 4.90267769 10.25693722 10.39206844 10.92965425
-4.89155790 4.89155790 10.26020633 10.39207147 10.92635125
-4.88036268 4.88036268 10.26347772 10.39207451 10.92304645
-4.86909219 4.86909219 10.26675060 10.39207757 10.91974061
-4.85774662 4.85774662 10.27002419 10.39208064 10.91643454
-4.84632614 4.84632614 10.27329768 10.39208372 10.91312906
-4.83483092 4.83483092 10.27657023 10.39208682 10.90982502
-4.82326114 4.82326114 10.27984096 10.39208994 10.90652330
-4.81161698 4.81161698 10.28310899 10.39209307 10.90322479
-4.79989862 4.79989862 10.28637339 10.39209621 10.89993044
-4.78810623 4.78810623 10.28963320 10.39209936 10.89664120
-4.77624001 4.77624001 10.29288745 10.39210253 10.89335807
-4.76430014 4.76430014 10.29613510 10.39210572 10.89008207
-4.75228679 4.75228679 10.29937511 10.39210891 10.88681427
-4.74020016 4.74020016 10.30260639 10.39211212 10.88355577
-4.72804042 4.72804042 10.30582781 10.39211534 10.88030769
-4.71580778 4.71580778 10.30903820 10.39211858 10.87707121
-4.70350241 4.70350241 10.31223636 10.39212183 10.87384755
-4.69112451 4.69112451 10.31542105 10.39212509 10.87063795
-4.67867426 4.67867426 10.31859096 10.39212836 10.86744373
-4.66615186 4.66615186 10.32174475 10.39213164 10.86426622
-4.65355751 4.65355751 10.32488106 10.39213494 10.86110681
-4.64089139 4.64089139 10.32799844 10.39213825 10.85796695
-4.62815371 4.62815371 10.33109540 10.39214157 10.85484813
-4.61534465 4.61534465 10.33417042 10.39214490 10.85175188
-4.60246441 4.60246441 10.33722189 10.39214824 10.84867981
-4.58951321 4.58951321 10.34024819 10.39215159 10.84563356
-4.57649122 4.57649122 10.34324759 10.39215495 10.84261485
-4.56339866 4.56339866 10.34621835 10.39215833 10.83962544
-4.55023573 4.55023573 10.34915864 10.39216171 10.83666716
-4.53700263 4.53700263 10.35206658 10.39216511 10.83374189
-4.52369956 4.52369956 10.35494022 10.39216851 10.83085158
-4.51032673 4.51032673 10.35777756 10.39217192 10.82799826
-4.49688434 4.49688434 10.36057653 10.39217535 10.82518399
-4.48337261 4.48337261 10.36333498 10.39217878 10.82241091
-4.46979174 4.46979174 10.36605073 10.39218222 10.81968123
-4.45614194 4.45614194 10.36872150 10.39218567 10.81699721
-4.44242342 4.44242342 10.37134497 10.39218913 10.81436119
-4.42863639 4.42863639 10.37391876 10.39219260 10.81177556
-4.41478107 4.41478107 10.37644042 10.39219608 10.80924277
-4.40085766 4.40085766 10.37890743 10.39219956 10.80676532
-4.38686639 4.38686639 10.38131725 10.39220305 10.80434579
-4.37280747 4.37280747 10.38366726 10.39220655 10.80198677
-4.35868111 4.35868111 10.38595481 10.39221006 10.79969094
-4.34448754 4.34448754 10.38817720 10.39221357 10.79746099
-4.33022697 4.33022697 10.39033171 10.39221710 10.79529966
-4.31589962 4.31589962 10.39222063 10.39241557 10.79320969
-4.30150572 4.30150572 10.39222416 10.39442602 10.79119387
-4.28704548 4.28704548 10.39222770 10.39636027 10.78925498
-4.27251913 4.27251913 10.39223125 10.39821555 10.78739581
-4.25792689 4.25792689 10.39223481 10.39998908 10.78561911
-4.24326899 4.24326899 10.39223837 10.40167813 10.78392765
-4.22854566 4.22854566 10.39224193 10.40327999 10.78232411
-4.21375711 4.21375711 10.39224550 10.40479202 10.78081115
-4.19890358 4.19890358 10.39224908 10.40621164 10.77939135
-4.18398530 4.18398530 10.39225266 10.40753634 10.77806720
-4.16900250 4.16900250 10.39225625 10.40876375 10.77684111
-4.15395541 4.15395541 10.39225984 10.40989157 10.77571535
-4.13884426 4.13884426 10.39226344 10.41091767 10.77469207
-4.12366928 4.12366928 10.39226704 10.41184004 10.77377326
-4.10843071 4.10843071 10.39227064 10.41265686 10.77296076
-4.09312878 4.09312878 10.39227425 10.41336648 10.77225622
-4.07776373 4.07776373 10.39227786 10.41396743 10.77166110
-4.06233580 4.06233580 10.39228147 10.41445848 10.77117664
-4.04684522 4.04684522 10.39228509 10.41483857 10.77080388
-4.03129223 4.03129223 10.39228871 10.41510692 10.77054362
-4.01567708 4.01567708 10.39229233 10.41526295 10.77039644
-4.00000000 4.00000000 10.39229596 10.41530633 10.77036266
