-7.34846923 7.34846923 nan 12.39789333 12.43766935 13.58409439
-7.34846923 7.34846923 nan 12.39760541 12.43785613 13.58373207
-7.34846923 7.34846923 nan 12.39685338 12.43834002 13.58276500
-7.34846923 7.34846923 nan 12.39590982 12.43893918 13.58150900
-7.34846923 7.34846923 nan 12.39508028 12.43945886 13.58036522
-7.34846923 7.34846923 nan 12.39460293 12.43975499 13.57969012
-7.34846923 7.34846923 nan 12.39460293 12.43975499 13.57969012
-7.34846923 7.34846923 nan 12.39508028 12.43945886 13.58036522
-7.34846923 7.34846923 nan 12.39590982 12.43893918 13.58150900
-7.34846923 7.34846923 nan 12.39685338 12.43834002 13.58276500
-7.34846923 7.34846923 nan 12.39760541 12.43785613 13.58373207
-7.34846923 7.34846923 nan 12.39789333 12.43766935 13.58409439
