-7.34846923 7.34846923 nan nan nan 7.79934554
-7.34846923 7.34846923 nan nan nan 7.79932798
-7.34846923 7.34846923 nan nan nan 7.79931058
-7.34846923 7.34846923 nan nan nan 7.79929336
-7.34846923 7.34846923 nan nan nan 7.79927631
-7.34846923 7.34846923 nan nan nan 7.79925943
-7.34846923 7.34846923 nan nan nan 7.79924271
-7.34846923 7.34846923 nan nan nan 7.79922617
-7.34846923 7.34846923 nan nan nan 7.79920980
-7.34846923 7.34846923 nan nan nan 7.79919360
-7.34846923 7.34846923 nan nan nan 7.79917758
-7.34846923 7.34846923 nan nan nan 7.79916172
-7.34846923 7.34846923 nan nan nan 7.79914604
-7.34846923 7.34846923 nan nan nan 7.79913052
-7.34846923 7.34846923 nan nan nan 7.79911518
-7.34846923 7.34846923 nan nan nan 7.79910001
-7.34846923 7.34846923 nan nan nan 7.79908502
-7.34846923 7.34846923 nan nan nan 7.79907020
-7.34846923 7.34846923 nan nan nan 7.79905555
-7.34846923 7.34846923 nan nan nan 7.79904107
-7.34846923 7.34846923 nan nan nan 7.79902676
-7.34846923 7.34846923 nan nan nan 7.79901263
-7.34846923 7.34846923 nan nan nan 7.79899868
-7.34846923 7.34846923 nan nan nan 7.79898489
-7.34846923 7.34846923 nan nan nan 7.79897128
-7.34846923 7.34846923 nan nan nan 7.79895785
-7.34846923 7.34846923 nan nan nan 7.79894458
-7.34846923 7.34846923 nan nan nan 7.79893150
-7.34846923 7.34846923 nan nan nan 7.79891858
-7.34846923 7.34846923 nan nan nan 7.79890584
-7.34846923 7.34846923 nan nan nan 7.79889328
-7.34846923 7.34846923 nan nan nan 7.79888089
-7.34846923 7.34846923 nan nan nan 7.79886868
-7.34846923 7.34846923 nan nan nan 7.79885664
-7.34846923 7.34846923 nan nan nan 7.79884477
-7.34846923 7.34846923 nan nan nan 7.79883309
-7.34846923 7.34846923 nan nan nan 7.79882157
-7.34846923 7.34846923 nan nan nan 7.79881024
-7.34846923 7.34846923 nan nan nan 7.79879908
-7.34846923 7.34846923 nan nan nan 7.79878809
-7.34846923 7.34846923 nan nan nan 7.79877728
-7.34846923 7.34846923 nan nan nan 7.79876665
-7.34846923 7.34846923 nan nan nan 7.79875619
-7.34846923 7.34846923 nan nan nan 7.79874591
-7.34846923 7.34846923 nan nan nan 7.79873581
-7.34846923 7.34846923 nan nan nan 7.79872588
-7.34846923 7.34846923 nan nan nan 7.79871613
-7.34846923 7.34846923 nan nan nan 7.79870656
-7.34846923 7.34846923 nan nan nan 7.79869716
-7.34846923 7.34846923 nan nan nan 7.79868794
-7.34846923 7.34846923 nan nan nan 7.79867890
-7.34846923 7.34846923 nan nan nan 7.79867003
-7.34846923 7.34846923 nan nan nan 7.79866135
-7.34846923 7.34846923 nan nan nan 7.79865284
-7.34846923 7.34846923 nan nan nan 7.79864451
-7.34846923 7.34846923 nan nan nan 7.79863635
-7.34846923 7.34846923 nan nan nan 7.79862838
-7.34846923 7.34846923 nan nan nan 7.79862058
-7.34846923 7.34846923 nan nan nan 7.79861296
-7.34846923 7.34846923 nan nan nan 7.79860551
-7.34846923 7.34846923 nan nan nan 7.79859825
-7.34846923 7.34846923 nan nan nan 7.79859116
-7.34846923 7.34846923 nan nan nan 7.79858426
-7.34846923 7.34846923 nan nan nan 7.79857753
-7.34846923 7.34846923 nan nan nan 7.79857098
-7.34846923 7.34846923 nan nan nan 7.79856461
-7.34846923 7.34846923 nan nan nan 7.79855841
-7.34846923 7.34846923 nan nan nan 7.79855240
-7.34846923 7.34846923 nan nan nan 7.79854656
-7.34846923 7.34846923 nan nan nan 7.79854090
-7.34846923 7.34846923 nan nan nan 7.79853543
-7.34846923 7.34846923 nan nan nan 7.79853013
-7.34846923 7.34846923 nan nan nan 7.79852501
-7.34846923 7.34846923 nan nan nan 7.79852007
-7.34846923 7.34846923 nan nan nan 7.79851531
-7.34846923 7.34846923 nan nan nan 7.79851072
-7.34846923 7.34846923 nan nan nan 7.79850632
-7.34846923 7.34846923 nan nan nan 7.79850210
-7.34846923 7.34846923 nan nan nan 7.79849805
-7.34846923 7.34846923 nan nan nan 7.79849419
-7.34846923 7.34846923 nan nan nan 7.79849050
-7.34846923 7.34846923 nan nan nan 7.79848699
-7.34846923 7.34846923 nan nan nan 7.79848367
-7.34846923 7.34846923 nan nan nan 7.79848052
-7.34846923 7.34846923 nan nan nan 7.79847755
-7.34846923 7.34846923 nan nan nan 7.79847477
-7.34846923 7.34846923 nan nan nan 7.79847216
-7.34846923 7.34846923 nan nan nan 7.79846973
-7.34846923 7.34846923 nan nan nan 7.79846748
-7.34846923 7.34846923 nan nan nan 7.79846541
-7.34846923 7.34846923 nan nan nan 7.79846352
-7.34846923 7.34846923 nan nan nan 7.79846182
-7.34846923 7.34846923 nan nan nan 7.79846029
-7.34846923 7.34846923 nan nan nan 7.79845894
-7.34846923 7.34846923 nan nan nan 7.79845777
-7.34846923 7.34846923 nan nan nan 7.79845678
-7.34846923 7.34846923 nan nan nan 7.79845597
-7.34846923 7.34846923 nan nan nan 7.79845534
-7.34846923 7.34846923 nan nan nan 7.79845489
-7.34846923 7.34846923 nan nan nan 7.79845462
-7.34846923 7.34846923 nan nan nan 7.79845453
-7.34846923 7.34846923 nan nan nan 7.79845462
-7.34846923 7.34846923 nan nan nan 7.79845489
-7.34846923 7.34846923 nan nan nan 7.79845534
-7.34846923 7.34846923 nan nan nan 7.79845597
-7.34846923 7.34846923 nan nan nan 7.79845678
-7.34846923 7.34846923 nan nan nan 7.79845777
-7.34846923 7.34846923 nan nan nan 7.79845894
-7.34846923 7.34846923 nan nan nan 7.79846029
-7.34846923 7.34846923 nan nan nan 7.79846182
-7.34846923 7.34846923 nan nan nan 7.79846352
-7.34846923 7.34846923 nan nan nan 7.79846541
-7.34846923 7.34846923 nan nan nan 7.79846748
-7.34846923 7.34846923 nan nan nan 7.79846973
-7.34846923 7.34846923 nan nan nan 7.79847216
-7.34846923 7.34846923 nan nan nan 7.79847477
-7.34846923 7.34846923 nan nan nan 7.79847755
-7.34846923 7.34846923 nan nan nan 7.79848052
-7.34846923 7.34846923 nan nan nan 7.79848367
-7.34846923 7.34846923 nan nan nan 7.79848699
-7.34846923 7.34846923 nan nan nan 7.79849050
-7.34846923 7.34846923 nan nan nan 7.79849419
-7.34846923 7.34846923 nan nan nan 7.79849805
-7.34846923 7.34846923 nan nan nan 7.79850210
-7.34846923 7.34846923 nan nan nan 7.79850632
-7.34846923 7.34846923 nan nan nan 7.79851072
-7.34846923 7.34846923 nan nan nan 7.79851531
-7.34846923 7.34846923 nan nan nan 7.79852007
-7.34846923 7.34846923 nan nan nan 7.79852501
-7.34846923 7.34846923 nan nan nan 7.79853013
-7.34846923 7.34846923 nan nan nan 7.79853543
-7.34846923 7.34846923 nan nan nan 7.79854090
-7.34846923 7.34846923 nan nan nan 7.79854656
-7.34846923 7.34846923 nan nan nan 7.79855240
-7.34846923 7.34846923 nan nan nan 7.79855841
-7.34846923 7.34846923 nan nan nan 7.79856461
-7.34846923 7.34846923 nan nan nan 7.79857098
-7.34846923 7.34846923 nan nan nan 7.79857753
-7.34846923 7.34846923 nan nan nan 7.79858426
-7.34846923 7.34846923 nan nan nan 7.79859116
-7.34846923 7.34846923 nan nan nan 7.79859825
-7.34846923 7.34846923 nan nan nan 7.79860551
-7.34846923 7.34846923 nan nan nan 7.79861296
-7.34846923 7.34846923 nan nan nan 7.79862058
-7.34846923 7.34846923 nan nan nan 7.79862838
-7.34846923 7.34846923 nan nan nan 7.79863635
-7.34846923 7.34846923 nan nan nan 7.79864451
-7.34846923 7.34846923 nan nan nan 7.79865284
-7.34846923 7.34846923 nan nan nan 7.79866135
-7.34846923 7.34846923 nan nan nan 7.79867003
-7.34846923 7.34846923 nan nan nan 7.79867890
-7.34846923 7.34846923 nan nan nan 7.79868794
-7.34846923 7.34846923 nan nan nan 7.79869716
-7.34846923 7.34846923 nan nan nan 7.79870656
-7.34846923 7.34846923 nan nan nan 7.79871613
-7.34846923 7.34846923 nan nan nan 7.79872588
-7.34846923 7.34846923 nan nan nan 7.79873581
-7.34846923 7.34846923 nan nan nan 7.79874591
-7.34846923 7.34846923 nan nan nan 7.79875619
-7.34846923 7.34846923 nan nan nan 7.79876665
-7.34846923 7.34846923 nan nan nan 7.79877728
-7.34846923 7.34846923 nan nan nan 7.79878809
-7.34846923 7.34846923 nan nan nan 7.79879908
-7.34846923 7.34846923 nan nan nan 7.79881024
-7.34846923 7.34846923 nan nan nan 7.79882157
-7.34846923 7.34846923 nan nan nan 7.79883309
-7.34846923 7.34846923 nan nan nan 7.79884477
-7.34846923 7.34846923 nan nan nan 7.79885664
-7.34846923 7.34846923 nan nan nan 7.79886868
-7.34846923 7.34846923 nan nan nan 7.79888089
-7.34846923 7.34846923 nan nan nan 7.79889328
-7.34846923 7.34846923 nan nan nan 7.79890584
-7.34846923 7.34846923 nan nan nan 7.79891858
-7.34846923 7.34846923 nan nan nan 7.79893150
-7.34846923 7.34846923 nan nan nan 7.79894458
-7.34846923 7.34846923 nan nan nan 7.79895785
-7.34846923 7.34846923 nan nan nan 7.79897128
-7.34846923 7.34846923 nan nan nan 7.79898489
-7.34846923 7.34846923 nan nan nan 7.79899868
-7.34846923 7.34846923 nan nan nan 7.79901263
-7.34846923 7.34846923 nan nan nan 7.79902676
-7.34846923 7.34846923 nan nan nan 7.79904107
-7.34846923 7.34846923 nan nan nan 7.79905555
-7.34846923 7.34846923 nan nan nan 7.79907020
-7.34846923 7.34846923 nan nan nan 7.79908502
-7.34846923 7.34846923 nan nan nan 7.79910001
-7.34846923 7.34846923 nan nan nan 7.79911518
-7.34846923 7.34846923 nan nan nan 7.79913052
-7.34846923 7.34846923 nan nan nan 7.79914604
-7.34846923 7.34846923 nan nan nan 7.79916172
-7.34846923 7.34846923 nan nan nan 7.79917758
-7.34846923 7.34846923 nan nan nan 7.79919360
-7.34846923 7.34846923 nan nan nan 7.79920980
-7.34846923 7.34846923 nan nan nan 7.79922617
-7.34846923 7.34846923 nan nan nan 7.79924271
-7.34846923 7.34846923 nan nan nan 7.79925943
-7.34846923 7.34846923 nan nan nan 7.79927631
-7.34846923 7.34846923 nan nan nan 7.79929336
-7.34846923 7.34846923 nan nan nan 7.79931058
-7.34846923 7.34846923 nan nan nan 7.79932798
-7.34846923 7.34846923 nan nan nan 7.79934554
